Dna          Total  Longs Shorts Total Net    Max.     Annual     Win      Serenity Sharpe   Calmar   Winning  Losing   Largest      Largest      Winning    Losing   Paid     Market
String       Trades %     %      Profit %     DD %     Return %   Rate %   Index    Ratio    Ratio    Streak   Streak   Win. Trade   Los. Trade   Trades     Trades   Fees     Change %
P)^@         21     52    48     13.47        -4.25    110.43     57       3.1      3.5      25.99    4        4        538.1        -132.99      12         9        90.41    39.4
7.9D         20     50    50     13.57        -5.66    111.55     60       2.28     3.11     19.71    4        4        493.75       -147.43      12         8        85.96    39.4
7.9/         20     50    50     9.05         -4.76    66.58      50       1.03     2.91     13.98    5        8        508.2        -100.58      10         10       85.94    39.4
W*/@         20     50    50     12.42        -6.6     99.21      60       1.54     2.88     15.04    4        6        509.95       -151.01      12         8        86.04    39.4
7.92         20     50    50     8.88         -5.13    65.03      55       0.88     2.83     12.69    7        8        502.17       -107.45      11         9        85.91    39.4
.0),         24     50    50     3.52         -4.63    22.58      50       0.33     1.51     4.87     4        6        412.48       -159.34      12         12       96.56    39.4
?*,*         34     50    50     3.0          -4.32    18.99      50       0.38     1.25     4.4      5        6        459.56       -100.58      17         17       138.7    39.4
>*7.         34     50    50     2.22         -3.95    13.8       50       0.37     1.19     3.49     3        6        289.13       -83.03       17         17       135.48   39.4
?,<h         20     50    50     1.01         -9.66    6.12       35       0.04     0.34     0.63     2        8        434.5        -226.68      7          13       79.47    39.4
?,<g         20     50    50     1.01         -9.66    6.12       35       0.04     0.34     0.63     2        8        434.5        -226.68      7          13       79.47    39.4
7.Tc         20     50    50     0.74         -9.36    4.42       35       0.03     0.29     0.47     2        8        464.61       -192.74      7          13       80.13    39.4
7.Tf         20     50    50     0.52         -9.52    3.1        35       0.02     0.25     0.33     2        8        460.27       -197.82      7          13       79.87    39.4
7.Tg         20     50    50     0.03         -9.91    0.15       35       0.0      0.15     0.01     2        8        436.27       -202.9       7          13       79.44    39.4
7.Th         20     50    50     0.03         -9.91    0.15       35       0.0      0.15     0.01     2        8        436.27       -202.9       7          13       79.44    39.4